mean_fit_time,std_fit_time,mean_score_time,std_score_time,param_var_smoothing,params,split0_test_accuracy,split1_test_accuracy,split2_test_accuracy,split3_test_accuracy,mean_test_accuracy,std_test_accuracy,rank_test_accuracy,split0_test_f1_macro,split1_test_f1_macro,split2_test_f1_macro,split3_test_f1_macro,mean_test_f1_macro,std_test_f1_macro,rank_test_f1_macro,split0_test_f1_deceased,split1_test_f1_deceased,split2_test_f1_deceased,split3_test_f1_deceased,mean_test_f1_deceased,std_test_f1_deceased,rank_test_f1_deceased
0.011157810688018799,0.00474975665642705,0.4794059991836548,0.020144299889268222,1.0,{'var_smoothing': 1.0},0.7879169288860919,0.7835116425424795,0.7831067472306144,0.787134944612286,0.7854175658178679,0.0021312338999498895,100,0.7693865187811587,0.7681985773002439,0.7669257239457542,0.7698238971949558,0.7685836793055282,0.0011269218214193348,100,0.6050830889540567,0.6072971675468075,0.6047516198704105,0.6024630541871923,0.6048987326396167,0.0017132315185909314,100
0.008622169494628906,0.0007605985775637028,0.469976007938385,0.0018774449561403807,0.8111308307896871,{'var_smoothing': 0.8111308307896871},0.7882945248584015,0.7847702957835117,0.7851208459214502,0.7875125881168177,0.7864245636700453,0.0015097047932585387,99,0.7697387631288178,0.769635343895609,0.7695029359491367,0.7702198032294151,0.7697742115507445,0.0002705010223585572,99,0.6055270237221815,0.6095923261390888,0.6094235828749104,0.6031042128603105,0.6069117863991228,0.0027344834410830366,99
0.008020162582397461,0.0003422313718071681,0.4660698175430298,0.002595006260678975,0.657933224657568,{'var_smoothing': 0.657933224657568},0.7884203901825048,0.7848961611076148,0.7851208459214502,0.7881419939577039,0.7866448477923185,0.0016412254753344106,98,0.7698497735180084,0.7697553060023711,0.7695029359491367,0.770792027060499,0.7699750106325037,0.0004884477478807441,98,0.6056751467710371,0.6095923261390888,0.6094235828749104,0.6038480513073508,0.6071347767730968,0.0024602472583097747,98
0.008279025554656982,0.0002741515814629512,0.4706055521965027,0.0037483188006717442,0.533669923120631,{'var_smoothing': 0.533669923120631},0.788546255506608,0.7860289490245438,0.7852467270896274,0.7885196374622356,0.7870853922707537,0.001473765809407008,97,0.7699832172534836,0.7710212529964804,0.7696155059835088,0.7711399190348351,0.770439973817077,0.0006550157553915461,97,0.6056751467710371,0.6120297148334533,0.6095693779904306,0.6041461006910168,0.6078550850714844,0.0031174921808151774,97
0.008471250534057617,0.0005060383371831094,0.4675285220146179,0.0023841778538989033,0.43287612810830584,{'var_smoothing': 0.43287612810830584},0.7894273127753304,0.7864065449968534,0.7860020140986909,0.7895266868076536,0.787840639669632,0.001642974285905603,96,0.7706886021173212,0.7713623882226482,0.7704017497899255,0.7720816974925834,0.7711336094056195,0.0006490109304715777,96,0.605689063266307,0.6124700239808154,0.6106724096673846,0.6044444444444445,0.6083189853397378,0.003342838805839213,96
0.007965087890625,0.0005515436503165975,0.4656411409378052,0.0016799564001638522,0.3511191734215131,{'var_smoothing': 0.3511191734215131},0.7899307740717433,0.7869100062932662,0.7865055387713998,0.7899043303121853,0.7883126623621486,0.001611275278134895,95,0.7711673080199949,0.7718429833432504,0.770974945378737,0.7724457268426393,0.7716077408961554,0.0005813713831725107,95,0.6061349693251533,0.6127639155470249,0.6118153551781871,0.6045937268461349,0.608826991724125,0.0035212640288922064,94
0.007852673530578613,0.00015026277750459024,0.4649958610534668,0.00257751739549139,0.2848035868435802,{'var_smoothing': 0.2848035868435802},0.7901825047199497,0.7865324103209566,0.7875125881168177,0.7901560926485398,0.788595898951566,0.0016111385671073318,94,0.7714063846167503,0.7713803924458578,0.7719157434309801,0.7726740821077399,0.7718441506503321,0.0005245527911019075,94,0.6061349693251533,0.611764705882353,0.6124012449126166,0.6048925129725723,0.6087983582731739,0.0033214935825554097,95
0.008280277252197266,0.0006292401795476675,0.46432554721832275,0.0025731905477119647,0.23101297000831597,{'var_smoothing': 0.23101297000831597},0.7901825047199497,0.7870358716173694,0.7875125881168177,0.7909113796576033,0.7889105860279351,0.0016650754178330813,93,0.7714063846167503,0.7718477403440965,0.7718048613640449,0.7736343554706927,0.7721733354488961,0.0008608975558241669,93,0.6061349693251533,0.6120586115781889,0.6115504433261442,0.6067637620340657,0.609126946565888,0.002692794330794674,93
0.008273899555206299,0.00022152450133322313,0.4682237505912781,0.001660898530433822,0.1873817422860384,{'var_smoothing': 0.1873817422860384},0.7906859660163625,0.7872876022655758,0.7877643504531722,0.7909113796576033,0.7891623245981785,0.0016469359661634324,92,0.7718738733475193,0.7720814173407228,0.7720360844931659,0.7736343554706927,0.7724064326630252,0.0007131280692785195,92,0.6064326049594894,0.612205670350793,0.6118436825701271,0.6067637620340657,0.6093114299786188,0.002718785388992328,92
0.007983505725860596,0.0005200441108679615,0.4729267358779907,0.014518652880865134,0.15199110829529336,{'var_smoothing': 0.15199110829529336},0.7909376966645689,0.787413467589679,0.7878902316213494,0.7909113796576033,0.7892881938833003,0.001645029532040865,91,0.7721023594929656,0.7721951449334289,0.7721488014749843,0.7736343554706927,0.7725201653430179,0.0006441138793094369,91,0.6067305330385655,0.6123527998077386,0.6119904076738609,0.6067637620340657,0.6094593756385577,0.0027152781269506278,91
0.009137928485870361,0.0006295285666974668,0.4871251583099365,0.0034572580179190442,0.12328467394420659,{'var_smoothing': 0.12328467394420659},0.7910635619886721,0.7875393329137823,0.7878902316213494,0.7909113796576033,0.7893511265453519,0.0016419222777130594,90,0.7722136631548285,0.7723077317639447,0.7721488014749843,0.7736343554706927,0.7725761379661126,0.0006135696052256746,90,0.6068796068796068,0.6124999999999999,0.6119904076738609,0.6067637620340657,0.6095334441468834,0.002718046846993541,90
0.008502185344696045,0.00017102801642030442,0.48702239990234375,0.00325776480868413,0.1,{'var_smoothing': 0.1},0.791567023285085,0.7879169288860919,0.7878902316213494,0.7910372608257804,0.7896028611545766,0.0017095981123989971,89,0.7726834007054442,0.7726676553601884,0.7721488014749843,0.7737484781701239,0.7728120839276852,0.0005818498028118587,89,0.6070287539936102,0.6124999999999999,0.6119904076738609,0.6069135802469136,0.6096081854785962,0.002643479617576133,89
0.008359432220458984,0.0006477190208013362,0.49110209941864014,0.0025786804773423396,0.08111308307896872,{'var_smoothing': 0.08111308307896872},0.791567023285085,0.7879169288860919,0.7878902316213494,0.7912890231621349,0.7896658017386652,0.0017649855986774073,88,0.7726834007054442,0.7726676553601884,0.7721613143365458,0.7740867493562537,0.772899779939608,0.0007167512881582794,88,0.6070287539936102,0.6124999999999999,0.6119904076738609,0.6076011846001974,0.6097800865669172,0.0024799643741785986,88
0.009176850318908691,0.0009673570598797577,0.4953232407569885,0.008332236025999529,0.0657933224657568,{'var_smoothing': 0.0657933224657568},0.791567023285085,0.7879169288860919,0.7885196374622356,0.7912890231621349,0.7898231531988867,0.0016219357287726873,87,0.7726834007054442,0.7726676553601884,0.7727573561450399,0.7740867493562537,0.7730487903917316,0.0006002220979127374,87,0.6070287539936102,0.6124999999999999,0.6121372031662269,0.6076011846001974,0.6098167854400086,0.002513264074195934,87
0.008544325828552246,0.0004037428573513911,0.4965550899505615,0.0035357960313748536,0.0533669923120631,{'var_smoothing': 0.0533669923120631},0.7916928886091882,0.7879169288860919,0.7886455186304129,0.7912890231621349,0.789886089821957,0.0016316675126346338,86,0.772794716176414,0.7726717297865872,0.7728701291634712,0.7740867493562537,0.7731058311206814,0.0005707434787888052,86,0.6071779744346116,0.6123527998077386,0.6122840690978888,0.6076011846001974,0.609854006985109,0.0024690851722689315,86
0.00933009386062622,0.00035926960083267843,0.4954664707183838,0.008009009822499531,0.04328761281083057,{'var_smoothing': 0.04328761281083057},0.7916928886091882,0.7879169288860919,0.7886455186304129,0.7914149043303121,0.7899175601140013,0.0016594009321136216,85,0.772794716176414,0.7726717297865872,0.7728701291634712,0.7742009092134167,0.7731343710849722,0.0006198245316989747,85,0.6071779744346116,0.6123527998077386,0.6122840690978888,0.6077511725499877,0.6098915039725566,0.0024354982148923803,85
0.008658170700073242,0.0005984383512280454,0.4665972590446472,0.002568878619360494,0.03511191734215131,{'var_smoothing': 0.03511191734215131},0.7920704845814978,0.7880427942101951,0.7887713997985901,0.7915407854984894,0.7901063660221931,0.0017288568759744633,84,0.7731427243704884,0.77278539618127,0.7729829032194101,0.774315448689712,0.7733066181152202,0.0005960419292700617,84,0.6074766355140186,0.6124999999999999,0.6124310055195584,0.6079012345679012,0.6100772189003696,0.0023931214694364496,83
0.008607447147369385,0.0004362490744208137,0.4788969159126282,0.009795435302131263,0.02848035868435802,{'var_smoothing': 0.02848035868435802},0.7921963499056011,0.7880427942101951,0.7887713997985901,0.7915407854984894,0.7901378323532189,0.0017650846147114192,83,0.7732540729560652,0.77278539618127,0.7729829032194101,0.774315448689712,0.7733344552616144,0.0005903101161895416,83,0.6076260762607626,0.6124999999999999,0.6124310055195584,0.6079012345679012,0.6101145790870556,0.0023530620808878415,81
0.009044289588928223,0.0006322590221074941,0.4726296663284302,0.002007268421286173,0.02310129700083159,{'var_smoothing': 0.02310129700083159},0.7925739458779106,0.7880427942101951,0.7887713997985901,0.7917925478348439,0.7902951719303849,0.0019254890422447403,82,0.7736123908357783,0.77278539618127,0.7729829032194101,0.7745584465462901,0.7734847841956871,0.0006910250369481739,82,0.6076260762607626,0.6124999999999999,0.6124310055195584,0.6077511725499877,0.6100770635825772,0.0023889731828093293,84
0.008696556091308594,0.00040488448500210526,0.4875900149345398,0.01505499715850432,0.01873817422860384,{'var_smoothing': 0.01873817422860384},0.7925739458779106,0.7880427942101951,0.7888972809667674,0.7917925478348439,0.7903266422224292,0.0019012027986660181,81,0.7736123908357783,0.77278539618127,0.773095678341631,0.7745584465462901,0.7735129779762423,0.00067201222106092,81,0.6076260762607626,0.6124999999999999,0.6125780124819971,0.6077511725499877,0.6101138153231869,0.0024257509901991015,82
0.008341431617736816,0.0004220598962171154,0.47420215606689453,0.007047361133463789,0.01519911082952933,{'var_smoothing': 0.01519911082952933},0.7925739458779106,0.7880427942101951,0.7890231621349446,0.7917925478348439,0.7903581125144735,0.0018781848650211612,78,0.7736123908357783,0.77278539618127,0.7732140471185217,0.7745584465462901,0.773542570170465,0.0006553853030538733,78,0.6076260762607626,0.6124999999999999,0.6127250900360144,0.6077511725499877,0.6101505847116911,0.0024636432119144198,78
0.00829094648361206,0.0007975921705393688,0.4713326096534729,0.0029369312163945926,0.012328467394420659,{'var_smoothing': 0.012328467394420659},0.7925739458779106,0.7880427942101951,0.7890231621349446,0.7917925478348439,0.7903581125144735,0.0018781848650211612,78,0.7736123908357783,0.77278539618127,0.7732140471185217,0.7745584465462901,0.773542570170465,0.0006553853030538733,78,0.6076260762607626,0.6124999999999999,0.6127250900360144,0.6077511725499877,0.6101505847116911,0.0024636432119144198,78
0.00801992416381836,0.0004560353202517811,0.4733949303627014,0.004130117769808984,0.01,{'var_smoothing': 0.01},0.7925739458779106,0.7880427942101951,0.7890231621349446,0.7917925478348439,0.7903581125144735,0.0018781848650211612,78,0.7736123908357783,0.77278539618127,0.7732140471185217,0.7745584465462901,0.773542570170465,0.0006553853030538733,78,0.6076260762607626,0.6124999999999999,0.6127250900360144,0.6077511725499877,0.6101505847116911,0.0024636432119144198,78
0.007768392562866211,0.00011468887785082538,0.4781187176704407,0.010318268940244884,0.008111308307896872,{'var_smoothing': 0.008111308307896872},0.7925739458779106,0.7882945248584015,0.7891490433031219,0.7921701913393756,0.7905469263447024,0.0018554774914000107,77,0.7736123908357783,0.7731678653616392,0.7733268693187477,0.7751205830304246,0.7738069271366474,0.0007749825224504718,77,0.6076260762607626,0.6133525456292027,0.6128722382324687,0.608974358974359,0.6107063047741983,0.00245872438252608,77
0.008253633975982666,0.0003120431241573555,0.4737061858177185,0.0021533900624300683,0.006579332246575682,{'var_smoothing': 0.006579332246575682},0.7925739458779106,0.7882945248584015,0.7895266868076536,0.7924219536757301,0.7907042778049239,0.00184659815068286,76,0.7736123908357783,0.7731678653616392,0.7738204182881486,0.7753491012703652,0.7739874439389829,0.0008207286596080135,76,0.6076260762607626,0.6133525456292027,0.6138708903287737,0.6092747903305378,0.6110310756373192,0.002651995910544729,76
0.008311748504638672,0.00042391939679520556,0.47542667388916016,0.0018640738196198312,0.005336699231206307,{'var_smoothing': 0.005336699231206307},0.7930774071743235,0.7882945248584015,0.7895266868076536,0.7924219536757301,0.7908301431290271,0.001981944430473268,69,0.7742771119129667,0.7731678653616392,0.7738204182881486,0.7753491012703652,0.7741536242082799,0.0007948523932343972,75,0.6089948390267879,0.6133525456292027,0.6138708903287737,0.6092747903305378,0.6113732663288256,0.0022481208897925644,69
0.009091615676879883,0.0004248262841609558,0.4831658601760864,0.007946368491241633,0.004328761281083057,{'var_smoothing': 0.004328761281083057},0.7932032724984267,0.7884203901825048,0.7895266868076536,0.7924219536757301,0.7908930757910787,0.0019783622889710992,1,0.7743943526484115,0.7732827134198161,0.7738204182881486,0.7753491012703652,0.7742116464066854,0.0007653693671199044,1,0.6091445427728613,0.6134998798943069,0.6138708903287737,0.6092747903305378,0.6114475258316199,0.002242173232116829,1
0.008552730083465576,0.00020773479171667987,0.480810284614563,0.0027746547299451955,0.003511191734215131,{'var_smoothing': 0.003511191734215131},0.7932032724984267,0.7884203901825048,0.7895266868076536,0.7924219536757301,0.7908930757910787,0.0019783622889710992,1,0.7743943526484115,0.7732827134198161,0.7738204182881486,0.7753491012703652,0.7742116464066854,0.0007653693671199044,1,0.6091445427728613,0.6134998798943069,0.6138708903287737,0.6092747903305378,0.6114475258316199,0.002242173232116829,1
0.009372711181640625,0.001134737954967168,0.49624669551849365,0.013421081958410639,0.002848035868435802,{'var_smoothing': 0.002848035868435802},0.7932032724984267,0.7884203901825048,0.7894008056394763,0.7922960725075529,0.7908301352069901,0.001976778115317269,70,0.7743943526484115,0.7732827134198161,0.7737075461288448,0.7752348412478632,0.7741548633612338,0.0007389935014917951,69,0.6091445427728613,0.6134998798943069,0.6137236084452975,0.6091245376078915,0.6113731421800893,0.0022400102013697765,70
0.009162962436676025,0.0002542930235882398,0.493968665599823,0.006181059785510305,0.0023101297000831605,{'var_smoothing': 0.0023101297000831605},0.7932032724984267,0.7884203901825048,0.7894008056394763,0.7922960725075529,0.7908301352069901,0.001976778115317269,70,0.7743943526484115,0.7732827134198161,0.7737075461288448,0.7752348412478632,0.7741548633612338,0.0007389935014917951,69,0.6091445427728613,0.6134998798943069,0.6137236084452975,0.6091245376078915,0.6113731421800893,0.0022400102013697765,70
0.008942663669586182,0.0006025684536177731,0.48705965280532837,0.004112890016734839,0.001873817422860383,{'var_smoothing': 0.001873817422860383},0.7932032724984267,0.7884203901825048,0.7894008056394763,0.7922960725075529,0.7908301352069901,0.001976778115317269,70,0.7743943526484115,0.7732827134198161,0.7737075461288448,0.7752348412478632,0.7741548633612338,0.0007389935014917951,69,0.6091445427728613,0.6134998798943069,0.6137236084452975,0.6091245376078915,0.6113731421800893,0.0022400102013697765,70
0.008595526218414307,0.0004309747175018908,0.48142051696777344,0.0015025028100781358,0.0015199110829529332,{'var_smoothing': 0.0015199110829529332},0.7932032724984267,0.7884203901825048,0.7894008056394763,0.7922960725075529,0.7908301352069901,0.001976778115317269,70,0.7743943526484115,0.7732827134198161,0.7737075461288448,0.7752348412478632,0.7741548633612338,0.0007389935014917951,69,0.6091445427728613,0.6134998798943069,0.6137236084452975,0.6091245376078915,0.6113731421800893,0.0022400102013697765,70
0.00849229097366333,0.0004932275207372751,0.47785496711730957,0.0015070061101084913,0.0012328467394420659,{'var_smoothing': 0.0012328467394420659},0.7932032724984267,0.7884203901825048,0.7894008056394763,0.7922960725075529,0.7908301352069901,0.001976778115317269,70,0.7743943526484115,0.7732827134198161,0.7737075461288448,0.7752348412478632,0.7741548633612338,0.0007389935014917951,69,0.6091445427728613,0.6134998798943069,0.6137236084452975,0.6091245376078915,0.6113731421800893,0.0022400102013697765,70
0.008327722549438477,0.0005193448983865849,0.49173814058303833,0.008536980604679223,0.001,{'var_smoothing': 0.001},0.7932032724984267,0.7884203901825048,0.7894008056394763,0.7922960725075529,0.7908301352069901,0.001976778115317269,70,0.7743943526484115,0.7732827134198161,0.7737075461288448,0.7752348412478632,0.7741548633612338,0.0007389935014917951,69,0.6091445427728613,0.6134998798943069,0.6137236084452975,0.6091245376078915,0.6113731421800893,0.0022400102013697765,70
0.008047521114349365,0.00036268992409660964,0.5043326020240784,0.013383517910216663,0.0008111308307896872,{'var_smoothing': 0.0008111308307896872},0.7932032724984267,0.7884203901825048,0.7895266868076536,0.7922960725075529,0.7908616054990344,0.0019546508683667523,3,0.7743943526484115,0.7732827134198161,0.7738204182881486,0.7752348412478632,0.7741830814010598,0.0007233639039965892,3,0.6091445427728613,0.6134998798943069,0.6138708903287737,0.6091245376078915,0.6114099626509584,0.0022792111558079327,3
0.008194923400878906,0.00045435397404893543,0.4991888999938965,0.003201361153957828,0.0006579332246575676,{'var_smoothing': 0.0006579332246575676},0.7932032724984267,0.7884203901825048,0.7895266868076536,0.7922960725075529,0.7908616054990344,0.0019546508683667523,3,0.7743943526484115,0.7732827134198161,0.7738204182881486,0.7752348412478632,0.7741830814010598,0.0007233639039965892,3,0.6091445427728613,0.6134998798943069,0.6138708903287737,0.6091245376078915,0.6114099626509584,0.0022792111558079327,3
0.007885575294494629,0.0001651293946372239,0.4970596432685852,0.006014998940901024,0.0005336699231206307,{'var_smoothing': 0.0005336699231206307},0.7932032724984267,0.7884203901825048,0.7895266868076536,0.7922960725075529,0.7908616054990344,0.0019546508683667523,3,0.7743943526484115,0.7732827134198161,0.7738204182881486,0.7752348412478632,0.7741830814010598,0.0007233639039965892,3,0.6091445427728613,0.6134998798943069,0.6138708903287737,0.6091245376078915,0.6114099626509584,0.0022792111558079327,3
0.008950948715209961,0.0002423555054502274,0.5045178532600403,0.0015264230962414613,0.0004328761281083057,{'var_smoothing': 0.0004328761281083057},0.7932032724984267,0.7884203901825048,0.7895266868076536,0.7922960725075529,0.7908616054990344,0.0019546508683667523,3,0.7743943526484115,0.7732827134198161,0.7738204182881486,0.7752348412478632,0.7741830814010598,0.0007233639039965892,3,0.6091445427728613,0.6134998798943069,0.6138708903287737,0.6091245376078915,0.6114099626509584,0.0022792111558079327,3
0.009377896785736084,0.00035317491335631716,0.5042827725410461,0.006197603890079649,0.0003511191734215131,{'var_smoothing': 0.0003511191734215131},0.7932032724984267,0.7884203901825048,0.7895266868076536,0.7922960725075529,0.7908616054990344,0.0019546508683667523,3,0.7743943526484115,0.7732827134198161,0.7738204182881486,0.7752348412478632,0.7741830814010598,0.0007233639039965892,3,0.6091445427728613,0.6134998798943069,0.6138708903287737,0.6091245376078915,0.6114099626509584,0.0022792111558079327,3
0.009105443954467773,0.000581057798696038,0.49985355138778687,0.004573635101845601,0.0002848035868435802,{'var_smoothing': 0.0002848035868435802},0.7932032724984267,0.7884203901825048,0.7895266868076536,0.7922960725075529,0.7908616054990344,0.0019546508683667523,3,0.7743943526484115,0.7732827134198161,0.7738204182881486,0.7752348412478632,0.7741830814010598,0.0007233639039965892,3,0.6091445427728613,0.6134998798943069,0.6138708903287737,0.6091245376078915,0.6114099626509584,0.0022792111558079327,3
0.008528828620910645,0.0005227057113969975,0.5004099607467651,0.0049476769861011,0.0002310129700083158,{'var_smoothing': 0.0002310129700083158},0.7932032724984267,0.7884203901825048,0.7895266868076536,0.7922960725075529,0.7908616054990344,0.0019546508683667523,3,0.7743943526484115,0.7732827134198161,0.7738204182881486,0.7752348412478632,0.7741830814010598,0.0007233639039965892,3,0.6091445427728613,0.6134998798943069,0.6138708903287737,0.6091245376078915,0.6114099626509584,0.0022792111558079327,3
0.008282124996185303,0.0002192263291407832,0.49489641189575195,0.0031040170303100988,0.0001873817422860383,{'var_smoothing': 0.0001873817422860383},0.7932032724984267,0.7884203901825048,0.7895266868076536,0.7922960725075529,0.7908616054990344,0.0019546508683667523,3,0.7743943526484115,0.7732827134198161,0.7738204182881486,0.7752348412478632,0.7741830814010598,0.0007233639039965892,3,0.6091445427728613,0.6134998798943069,0.6138708903287737,0.6091245376078915,0.6114099626509584,0.0022792111558079327,3
0.008362829685211182,0.00034246952835859627,0.5055362582206726,0.005942346168258203,0.0001519911082952933,{'var_smoothing': 0.0001519911082952933},0.7932032724984267,0.7884203901825048,0.7895266868076536,0.7922960725075529,0.7908616054990344,0.0019546508683667523,3,0.7743943526484115,0.7732827134198161,0.7738204182881486,0.7752348412478632,0.7741830814010598,0.0007233639039965892,3,0.6091445427728613,0.6134998798943069,0.6138708903287737,0.6091245376078915,0.6114099626509584,0.0022792111558079327,3
0.008819401264190674,0.0006323195001766815,0.4804583191871643,0.007369001177372475,0.0001232846739442066,{'var_smoothing': 0.0001232846739442066},0.7932032724984267,0.7884203901825048,0.7895266868076536,0.7922960725075529,0.7908616054990344,0.0019546508683667523,3,0.7743943526484115,0.7732827134198161,0.7738204182881486,0.7752348412478632,0.7741830814010598,0.0007233639039965892,3,0.6091445427728613,0.6134998798943069,0.6138708903287737,0.6091245376078915,0.6114099626509584,0.0022792111558079327,3
0.008698761463165283,0.0008618423440211523,0.4741818308830261,0.002271932745148898,0.0001,{'var_smoothing': 0.0001},0.7932032724984267,0.7884203901825048,0.7895266868076536,0.7922960725075529,0.7908616054990344,0.0019546508683667523,3,0.7743943526484115,0.7732827134198161,0.7738204182881486,0.7752348412478632,0.7741830814010598,0.0007233639039965892,3,0.6091445427728613,0.6134998798943069,0.6138708903287737,0.6091245376078915,0.6114099626509584,0.0022792111558079327,3
0.008085012435913086,0.00042182934367217316,0.47109174728393555,0.002219543897356115,8.111308307896872e-05,{'var_smoothing': 8.111308307896872e-05},0.7932032724984267,0.7884203901825048,0.7895266868076536,0.7922960725075529,0.7908616054990344,0.0019546508683667523,3,0.7743943526484115,0.7732827134198161,0.7738204182881486,0.7752348412478632,0.7741830814010598,0.0007233639039965892,3,0.6091445427728613,0.6134998798943069,0.6138708903287737,0.6091245376078915,0.6114099626509584,0.0022792111558079327,3
0.008153975009918213,0.0002695436907024079,0.4729340672492981,0.002641069164662316,6.579332246575683e-05,{'var_smoothing': 6.579332246575683e-05},0.7932032724984267,0.7884203901825048,0.7895266868076536,0.7922960725075529,0.7908616054990344,0.0019546508683667523,3,0.7743943526484115,0.7732827134198161,0.7738204182881486,0.7752348412478632,0.7741830814010598,0.0007233639039965892,3,0.6091445427728613,0.6134998798943069,0.6138708903287737,0.6091245376078915,0.6114099626509584,0.0022792111558079327,3
0.008254408836364746,0.0005095216032031787,0.47208213806152344,0.003548170710781375,5.3366992312063123e-05,{'var_smoothing': 5.3366992312063123e-05},0.7932032724984267,0.7884203901825048,0.7895266868076536,0.7922960725075529,0.7908616054990344,0.0019546508683667523,3,0.7743943526484115,0.7732827134198161,0.7738204182881486,0.7752348412478632,0.7741830814010598,0.0007233639039965892,3,0.6091445427728613,0.6134998798943069,0.6138708903287737,0.6091245376078915,0.6114099626509584,0.0022792111558079327,3
0.008044600486755371,0.00033928184778837795,0.4701527953147888,0.0023730743310007812,4.328761281083062e-05,{'var_smoothing': 4.328761281083062e-05},0.7932032724984267,0.7884203901825048,0.7895266868076536,0.7922960725075529,0.7908616054990344,0.0019546508683667523,3,0.7743943526484115,0.7732827134198161,0.7738204182881486,0.7752348412478632,0.7741830814010598,0.0007233639039965892,3,0.6091445427728613,0.6134998798943069,0.6138708903287737,0.6091245376078915,0.6114099626509584,0.0022792111558079327,3
0.008025050163269043,0.00022468908303092434,0.4786692261695862,0.008851499067546422,3.511191734215127e-05,{'var_smoothing': 3.511191734215127e-05},0.7932032724984267,0.7884203901825048,0.7895266868076536,0.7922960725075529,0.7908616054990344,0.0019546508683667523,3,0.7743943526484115,0.7732827134198161,0.7738204182881486,0.7752348412478632,0.7741830814010598,0.0007233639039965892,3,0.6091445427728613,0.6134998798943069,0.6138708903287737,0.6091245376078915,0.6114099626509584,0.0022792111558079327,3
0.008368372917175293,0.0009533496318886016,0.472556471824646,0.0017410774500034821,2.848035868435799e-05,{'var_smoothing': 2.848035868435799e-05},0.7932032724984267,0.7884203901825048,0.7895266868076536,0.7922960725075529,0.7908616054990344,0.0019546508683667523,3,0.7743943526484115,0.7732827134198161,0.7738204182881486,0.7752348412478632,0.7741830814010598,0.0007233639039965892,3,0.6091445427728613,0.6134998798943069,0.6138708903287737,0.6091245376078915,0.6114099626509584,0.0022792111558079327,3
0.008800387382507324,0.000706542396973703,0.4733753204345703,0.0032330483141010695,2.310129700083158e-05,{'var_smoothing': 2.310129700083158e-05},0.7932032724984267,0.7884203901825048,0.7895266868076536,0.7922960725075529,0.7908616054990344,0.0019546508683667523,3,0.7743943526484115,0.7732827134198161,0.7738204182881486,0.7752348412478632,0.7741830814010598,0.0007233639039965892,3,0.6091445427728613,0.6134998798943069,0.6138708903287737,0.6091245376078915,0.6114099626509584,0.0022792111558079327,3
0.009069383144378662,0.0008004127408515132,0.4758768677711487,0.003082440033800513,1.873817422860383e-05,{'var_smoothing': 1.873817422860383e-05},0.7932032724984267,0.7884203901825048,0.7895266868076536,0.7922960725075529,0.7908616054990344,0.0019546508683667523,3,0.7743943526484115,0.7732827134198161,0.7738204182881486,0.7752348412478632,0.7741830814010598,0.0007233639039965892,3,0.6091445427728613,0.6134998798943069,0.6138708903287737,0.6091245376078915,0.6114099626509584,0.0022792111558079327,3
0.008235752582550049,0.0004812934005370898,0.47386831045150757,0.0019591963677234596,1.5199110829529332e-05,{'var_smoothing': 1.5199110829529332e-05},0.7932032724984267,0.7884203901825048,0.7895266868076536,0.7922960725075529,0.7908616054990344,0.0019546508683667523,3,0.7743943526484115,0.7732827134198161,0.7738204182881486,0.7752348412478632,0.7741830814010598,0.0007233639039965892,3,0.6091445427728613,0.6134998798943069,0.6138708903287737,0.6091245376078915,0.6114099626509584,0.0022792111558079327,3
0.008844912052154541,0.0005624067221636982,0.4723243713378906,0.00210104520600183,1.2328467394420658e-05,{'var_smoothing': 1.2328467394420658e-05},0.7932032724984267,0.7884203901825048,0.7895266868076536,0.7922960725075529,0.7908616054990344,0.0019546508683667523,3,0.7743943526484115,0.7732827134198161,0.7738204182881486,0.7752348412478632,0.7741830814010598,0.0007233639039965892,3,0.6091445427728613,0.6134998798943069,0.6138708903287737,0.6091245376078915,0.6114099626509584,0.0022792111558079327,3
0.008841753005981445,0.00039623528864368463,0.49083203077316284,0.011459043466576974,1e-05,{'var_smoothing': 1e-05},0.7932032724984267,0.7884203901825048,0.7895266868076536,0.7922960725075529,0.7908616054990344,0.0019546508683667523,3,0.7743943526484115,0.7732827134198161,0.7738204182881486,0.7752348412478632,0.7741830814010598,0.0007233639039965892,3,0.6091445427728613,0.6134998798943069,0.6138708903287737,0.6091245376078915,0.6114099626509584,0.0022792111558079327,3
0.009762763977050781,0.0007882682700175067,0.5297431945800781,0.010147714614139956,8.111308307896873e-06,{'var_smoothing': 8.111308307896873e-06},0.7932032724984267,0.7884203901825048,0.7895266868076536,0.7922960725075529,0.7908616054990344,0.0019546508683667523,3,0.7743943526484115,0.7732827134198161,0.7738204182881486,0.7752348412478632,0.7741830814010598,0.0007233639039965892,3,0.6091445427728613,0.6134998798943069,0.6138708903287737,0.6091245376078915,0.6114099626509584,0.0022792111558079327,3
0.008383333683013916,0.00042907039762713476,0.5075798630714417,0.012140665299890835,6.579332246575683e-06,{'var_smoothing': 6.579332246575683e-06},0.7932032724984267,0.7884203901825048,0.7895266868076536,0.7922960725075529,0.7908616054990344,0.0019546508683667523,3,0.7743943526484115,0.7732827134198161,0.7738204182881486,0.7752348412478632,0.7741830814010598,0.0007233639039965892,3,0.6091445427728613,0.6134998798943069,0.6138708903287737,0.6091245376078915,0.6114099626509584,0.0022792111558079327,3
0.008352994918823242,0.0003295852509179695,0.4984658360481262,0.002143811535877859,5.336699231206313e-06,{'var_smoothing': 5.336699231206313e-06},0.7932032724984267,0.7884203901825048,0.7895266868076536,0.7922960725075529,0.7908616054990344,0.0019546508683667523,3,0.7743943526484115,0.7732827134198161,0.7738204182881486,0.7752348412478632,0.7741830814010598,0.0007233639039965892,3,0.6091445427728613,0.6134998798943069,0.6138708903287737,0.6091245376078915,0.6114099626509584,0.0022792111558079327,3
0.00837552547454834,0.0005609656429231496,0.5067822337150574,0.005141413333797731,4.328761281083053e-06,{'var_smoothing': 4.328761281083053e-06},0.7932032724984267,0.7884203901825048,0.7895266868076536,0.7922960725075529,0.7908616054990344,0.0019546508683667523,3,0.7743943526484115,0.7732827134198161,0.7738204182881486,0.7752348412478632,0.7741830814010598,0.0007233639039965892,3,0.6091445427728613,0.6134998798943069,0.6138708903287737,0.6091245376078915,0.6114099626509584,0.0022792111558079327,3
0.008428514003753662,0.0006241724036925231,0.49862468242645264,0.002989077091106704,3.5111917342151275e-06,{'var_smoothing': 3.5111917342151275e-06},0.7932032724984267,0.7884203901825048,0.7895266868076536,0.7922960725075529,0.7908616054990344,0.0019546508683667523,3,0.7743943526484115,0.7732827134198161,0.7738204182881486,0.7752348412478632,0.7741830814010598,0.0007233639039965892,3,0.6091445427728613,0.6134998798943069,0.6138708903287737,0.6091245376078915,0.6114099626509584,0.0022792111558079327,3
0.009260594844818115,0.001389544984561122,0.49531030654907227,0.009931652173683962,2.848035868435799e-06,{'var_smoothing': 2.848035868435799e-06},0.7932032724984267,0.7884203901825048,0.7895266868076536,0.7922960725075529,0.7908616054990344,0.0019546508683667523,3,0.7743943526484115,0.7732827134198161,0.7738204182881486,0.7752348412478632,0.7741830814010598,0.0007233639039965892,3,0.6091445427728613,0.6134998798943069,0.6138708903287737,0.6091245376078915,0.6114099626509584,0.0022792111558079327,3
0.008539021015167236,0.0003651761099533187,0.48689913749694824,0.004100468464171193,2.310129700083158e-06,{'var_smoothing': 2.310129700083158e-06},0.7932032724984267,0.7884203901825048,0.7895266868076536,0.7922960725075529,0.7908616054990344,0.0019546508683667523,3,0.7743943526484115,0.7732827134198161,0.7738204182881486,0.7752348412478632,0.7741830814010598,0.0007233639039965892,3,0.6091445427728613,0.6134998798943069,0.6138708903287737,0.6091245376078915,0.6114099626509584,0.0022792111558079327,3
0.00848919153213501,0.0008201806413552306,0.4925258159637451,0.010534253983792354,1.873817422860383e-06,{'var_smoothing': 1.873817422860383e-06},0.7932032724984267,0.7884203901825048,0.7895266868076536,0.7922960725075529,0.7908616054990344,0.0019546508683667523,3,0.7743943526484115,0.7732827134198161,0.7738204182881486,0.7752348412478632,0.7741830814010598,0.0007233639039965892,3,0.6091445427728613,0.6134998798943069,0.6138708903287737,0.6091245376078915,0.6114099626509584,0.0022792111558079327,3
0.008458375930786133,0.0002545559675110886,0.5005617737770081,0.008945743713620941,1.519911082952933e-06,{'var_smoothing': 1.519911082952933e-06},0.7932032724984267,0.7884203901825048,0.7895266868076536,0.7922960725075529,0.7908616054990344,0.0019546508683667523,3,0.7743943526484115,0.7732827134198161,0.7738204182881486,0.7752348412478632,0.7741830814010598,0.0007233639039965892,3,0.6091445427728613,0.6134998798943069,0.6138708903287737,0.6091245376078915,0.6114099626509584,0.0022792111558079327,3
0.009076476097106934,0.0004082510572818808,0.5336006879806519,0.0028770746933807602,1.232846739442066e-06,{'var_smoothing': 1.232846739442066e-06},0.7932032724984267,0.7884203901825048,0.7895266868076536,0.7922960725075529,0.7908616054990344,0.0019546508683667523,3,0.7743943526484115,0.7732827134198161,0.7738204182881486,0.7752348412478632,0.7741830814010598,0.0007233639039965892,3,0.6091445427728613,0.6134998798943069,0.6138708903287737,0.6091245376078915,0.6114099626509584,0.0022792111558079327,3
0.009005367755889893,0.00016908419505560918,0.5381170511245728,0.010881008533544699,1e-06,{'var_smoothing': 1e-06},0.7932032724984267,0.7884203901825048,0.7895266868076536,0.7922960725075529,0.7908616054990344,0.0019546508683667523,3,0.7743943526484115,0.7732827134198161,0.7738204182881486,0.7752348412478632,0.7741830814010598,0.0007233639039965892,3,0.6091445427728613,0.6134998798943069,0.6138708903287737,0.6091245376078915,0.6114099626509584,0.0022792111558079327,3
0.008687853813171387,0.0008252222320914792,0.4915010333061218,0.02051254530411302,8.111308307896872e-07,{'var_smoothing': 8.111308307896872e-07},0.7932032724984267,0.7884203901825048,0.7895266868076536,0.7922960725075529,0.7908616054990344,0.0019546508683667523,3,0.7743943526484115,0.7732827134198161,0.7738204182881486,0.7752348412478632,0.7741830814010598,0.0007233639039965892,3,0.6091445427728613,0.6134998798943069,0.6138708903287737,0.6091245376078915,0.6114099626509584,0.0022792111558079327,3
0.008767664432525635,0.000390040275865678,0.485087513923645,0.009847210440554144,6.579332246575682e-07,{'var_smoothing': 6.579332246575682e-07},0.7932032724984267,0.7884203901825048,0.7895266868076536,0.7922960725075529,0.7908616054990344,0.0019546508683667523,3,0.7743943526484115,0.7732827134198161,0.7738204182881486,0.7752348412478632,0.7741830814010598,0.0007233639039965892,3,0.6091445427728613,0.6134998798943069,0.6138708903287737,0.6091245376078915,0.6114099626509584,0.0022792111558079327,3
0.00862431526184082,0.00027815034839722043,0.4734349846839905,0.003201694676125679,5.336699231206313e-07,{'var_smoothing': 5.336699231206313e-07},0.7932032724984267,0.7884203901825048,0.7895266868076536,0.7922960725075529,0.7908616054990344,0.0019546508683667523,3,0.7743943526484115,0.7732827134198161,0.7738204182881486,0.7752348412478632,0.7741830814010598,0.0007233639039965892,3,0.6091445427728613,0.6134998798943069,0.6138708903287737,0.6091245376078915,0.6114099626509584,0.0022792111558079327,3
0.008907973766326904,0.00048996602723674,0.47661519050598145,0.0031708744894213253,4.3287612810830526e-07,{'var_smoothing': 4.3287612810830526e-07},0.7932032724984267,0.7884203901825048,0.7895266868076536,0.7922960725075529,0.7908616054990344,0.0019546508683667523,3,0.7743943526484115,0.7732827134198161,0.7738204182881486,0.7752348412478632,0.7741830814010598,0.0007233639039965892,3,0.6091445427728613,0.6134998798943069,0.6138708903287737,0.6091245376078915,0.6114099626509584,0.0022792111558079327,3
0.008213698863983154,0.0005369374416057237,0.471801221370697,0.003184139943886478,3.5111917342151277e-07,{'var_smoothing': 3.5111917342151277e-07},0.7932032724984267,0.7884203901825048,0.7895266868076536,0.7922960725075529,0.7908616054990344,0.0019546508683667523,3,0.7743943526484115,0.7732827134198161,0.7738204182881486,0.7752348412478632,0.7741830814010598,0.0007233639039965892,3,0.6091445427728613,0.6134998798943069,0.6138708903287737,0.6091245376078915,0.6114099626509584,0.0022792111558079327,3
0.009511947631835938,0.0004962272218150826,0.5030903816223145,0.023084266035423035,2.848035868435799e-07,{'var_smoothing': 2.848035868435799e-07},0.7932032724984267,0.7884203901825048,0.7895266868076536,0.7922960725075529,0.7908616054990344,0.0019546508683667523,3,0.7743943526484115,0.7732827134198161,0.7738204182881486,0.7752348412478632,0.7741830814010598,0.0007233639039965892,3,0.6091445427728613,0.6134998798943069,0.6138708903287737,0.6091245376078915,0.6114099626509584,0.0022792111558079327,3
0.009090781211853027,0.0007404126208814708,0.5028754472732544,0.0034148257480724233,2.310129700083158e-07,{'var_smoothing': 2.310129700083158e-07},0.7932032724984267,0.7884203901825048,0.7895266868076536,0.7922960725075529,0.7908616054990344,0.0019546508683667523,3,0.7743943526484115,0.7732827134198161,0.7738204182881486,0.7752348412478632,0.7741830814010598,0.0007233639039965892,3,0.6091445427728613,0.6134998798943069,0.6138708903287737,0.6091245376078915,0.6114099626509584,0.0022792111558079327,3
0.008863091468811035,0.0005139611296755584,0.4759974479675293,0.0033964177032394056,1.873817422860383e-07,{'var_smoothing': 1.873817422860383e-07},0.7932032724984267,0.7884203901825048,0.7895266868076536,0.7922960725075529,0.7908616054990344,0.0019546508683667523,3,0.7743943526484115,0.7732827134198161,0.7738204182881486,0.7752348412478632,0.7741830814010598,0.0007233639039965892,3,0.6091445427728613,0.6134998798943069,0.6138708903287737,0.6091245376078915,0.6114099626509584,0.0022792111558079327,3
0.008601248264312744,0.0003503781615036329,0.4759107232093811,0.004908798235788505,1.519911082952933e-07,{'var_smoothing': 1.519911082952933e-07},0.7932032724984267,0.7884203901825048,0.7895266868076536,0.7922960725075529,0.7908616054990344,0.0019546508683667523,3,0.7743943526484115,0.7732827134198161,0.7738204182881486,0.7752348412478632,0.7741830814010598,0.0007233639039965892,3,0.6091445427728613,0.6134998798943069,0.6138708903287737,0.6091245376078915,0.6114099626509584,0.0022792111558079327,3
0.008522629737854004,0.000342685489663872,0.48054879903793335,0.0046245317990393385,1.232846739442066e-07,{'var_smoothing': 1.232846739442066e-07},0.7932032724984267,0.7884203901825048,0.7895266868076536,0.7922960725075529,0.7908616054990344,0.0019546508683667523,3,0.7743943526484115,0.7732827134198161,0.7738204182881486,0.7752348412478632,0.7741830814010598,0.0007233639039965892,3,0.6091445427728613,0.6134998798943069,0.6138708903287737,0.6091245376078915,0.6114099626509584,0.0022792111558079327,3
0.009054780006408691,0.0006499924636660803,0.47872722148895264,0.0036348875491807073,1e-07,{'var_smoothing': 1e-07},0.7932032724984267,0.7884203901825048,0.7895266868076536,0.7922960725075529,0.7908616054990344,0.0019546508683667523,3,0.7743943526484115,0.7732827134198161,0.7738204182881486,0.7752348412478632,0.7741830814010598,0.0007233639039965892,3,0.6091445427728613,0.6134998798943069,0.6138708903287737,0.6091245376078915,0.6114099626509584,0.0022792111558079327,3
0.008724868297576904,0.0007332831015491828,0.48591721057891846,0.007126471311144235,8.111308307896873e-08,{'var_smoothing': 8.111308307896873e-08},0.7932032724984267,0.7884203901825048,0.7895266868076536,0.7922960725075529,0.7908616054990344,0.0019546508683667523,3,0.7743943526484115,0.7732827134198161,0.7738204182881486,0.7752348412478632,0.7741830814010598,0.0007233639039965892,3,0.6091445427728613,0.6134998798943069,0.6138708903287737,0.6091245376078915,0.6114099626509584,0.0022792111558079327,3
0.008210062980651855,0.0005669918769855155,0.4938771724700928,0.014366967252891055,6.579332246575682e-08,{'var_smoothing': 6.579332246575682e-08},0.7932032724984267,0.7884203901825048,0.7895266868076536,0.7922960725075529,0.7908616054990344,0.0019546508683667523,3,0.7743943526484115,0.7732827134198161,0.7738204182881486,0.7752348412478632,0.7741830814010598,0.0007233639039965892,3,0.6091445427728613,0.6134998798943069,0.6138708903287737,0.6091245376078915,0.6114099626509584,0.0022792111558079327,3
0.008464932441711426,0.0004025503551510484,0.4771910309791565,0.0033075671191870964,5.336699231206302e-08,{'var_smoothing': 5.336699231206302e-08},0.7932032724984267,0.7884203901825048,0.7895266868076536,0.7922960725075529,0.7908616054990344,0.0019546508683667523,3,0.7743943526484115,0.7732827134198161,0.7738204182881486,0.7752348412478632,0.7741830814010598,0.0007233639039965892,3,0.6091445427728613,0.6134998798943069,0.6138708903287737,0.6091245376078915,0.6114099626509584,0.0022792111558079327,3
0.007913470268249512,0.00024878298992820117,0.478912889957428,0.003668775629943985,4.3287612810830526e-08,{'var_smoothing': 4.3287612810830526e-08},0.7932032724984267,0.7884203901825048,0.7895266868076536,0.7922960725075529,0.7908616054990344,0.0019546508683667523,3,0.7743943526484115,0.7732827134198161,0.7738204182881486,0.7752348412478632,0.7741830814010598,0.0007233639039965892,3,0.6091445427728613,0.6134998798943069,0.6138708903287737,0.6091245376078915,0.6114099626509584,0.0022792111558079327,3
0.007953047752380371,0.0003838380112819731,0.47912347316741943,0.0039097945389662235,3.5111917342151277e-08,{'var_smoothing': 3.5111917342151277e-08},0.7932032724984267,0.7884203901825048,0.7895266868076536,0.7922960725075529,0.7908616054990344,0.0019546508683667523,3,0.7743943526484115,0.7732827134198161,0.7738204182881486,0.7752348412478632,0.7741830814010598,0.0007233639039965892,3,0.6091445427728613,0.6134998798943069,0.6138708903287737,0.6091245376078915,0.6114099626509584,0.0022792111558079327,3
0.008087098598480225,0.0005224653187178674,0.4788573980331421,0.000631506809243579,2.848035868435799e-08,{'var_smoothing': 2.848035868435799e-08},0.7932032724984267,0.7884203901825048,0.7895266868076536,0.7922960725075529,0.7908616054990344,0.0019546508683667523,3,0.7743943526484115,0.7732827134198161,0.7738204182881486,0.7752348412478632,0.7741830814010598,0.0007233639039965892,3,0.6091445427728613,0.6134998798943069,0.6138708903287737,0.6091245376078915,0.6114099626509584,0.0022792111558079327,3
0.008388340473175049,0.00039934077801052486,0.4733659625053406,0.002496405934624033,2.310129700083158e-08,{'var_smoothing': 2.310129700083158e-08},0.7932032724984267,0.7884203901825048,0.7895266868076536,0.7922960725075529,0.7908616054990344,0.0019546508683667523,3,0.7743943526484115,0.7732827134198161,0.7738204182881486,0.7752348412478632,0.7741830814010598,0.0007233639039965892,3,0.6091445427728613,0.6134998798943069,0.6138708903287737,0.6091245376078915,0.6114099626509584,0.0022792111558079327,3
0.008728504180908203,9.376172487996057e-05,0.48008280992507935,0.004324370609568036,1.873817422860383e-08,{'var_smoothing': 1.873817422860383e-08},0.7932032724984267,0.7884203901825048,0.7895266868076536,0.7922960725075529,0.7908616054990344,0.0019546508683667523,3,0.7743943526484115,0.7732827134198161,0.7738204182881486,0.7752348412478632,0.7741830814010598,0.0007233639039965892,3,0.6091445427728613,0.6134998798943069,0.6138708903287737,0.6091245376078915,0.6114099626509584,0.0022792111558079327,3
0.00882500410079956,0.000320803222968271,0.47621089220046997,0.0038174245978208105,1.519911082952933e-08,{'var_smoothing': 1.519911082952933e-08},0.7932032724984267,0.7884203901825048,0.7895266868076536,0.7922960725075529,0.7908616054990344,0.0019546508683667523,3,0.7743943526484115,0.7732827134198161,0.7738204182881486,0.7752348412478632,0.7741830814010598,0.0007233639039965892,3,0.6091445427728613,0.6134998798943069,0.6138708903287737,0.6091245376078915,0.6114099626509584,0.0022792111558079327,3
0.007706940174102783,0.00014103132827971769,0.4737774133682251,0.0011805636124561751,1.232846739442066e-08,{'var_smoothing': 1.232846739442066e-08},0.7932032724984267,0.7884203901825048,0.7895266868076536,0.7922960725075529,0.7908616054990344,0.0019546508683667523,3,0.7743943526484115,0.7732827134198161,0.7738204182881486,0.7752348412478632,0.7741830814010598,0.0007233639039965892,3,0.6091445427728613,0.6134998798943069,0.6138708903287737,0.6091245376078915,0.6114099626509584,0.0022792111558079327,3
0.008379995822906494,0.0003832485543049812,0.4817279577255249,0.005536009006325739,1e-08,{'var_smoothing': 1e-08},0.7932032724984267,0.7884203901825048,0.7895266868076536,0.7922960725075529,0.7908616054990344,0.0019546508683667523,3,0.7743943526484115,0.7732827134198161,0.7738204182881486,0.7752348412478632,0.7741830814010598,0.0007233639039965892,3,0.6091445427728613,0.6134998798943069,0.6138708903287737,0.6091245376078915,0.6114099626509584,0.0022792111558079327,3
0.00891953706741333,0.0004373594167891746,0.4910596013069153,0.010134442699974636,8.111308307896856e-09,{'var_smoothing': 8.111308307896856e-09},0.7932032724984267,0.7884203901825048,0.7895266868076536,0.7922960725075529,0.7908616054990344,0.0019546508683667523,3,0.7743943526484115,0.7732827134198161,0.7738204182881486,0.7752348412478632,0.7741830814010598,0.0007233639039965892,3,0.6091445427728613,0.6134998798943069,0.6138708903287737,0.6091245376078915,0.6114099626509584,0.0022792111558079327,3
0.009357631206512451,0.0009438296014293369,0.4949886202812195,0.0008696390697304684,6.579332246575682e-09,{'var_smoothing': 6.579332246575682e-09},0.7932032724984267,0.7884203901825048,0.7895266868076536,0.7922960725075529,0.7908616054990344,0.0019546508683667523,3,0.7743943526484115,0.7732827134198161,0.7738204182881486,0.7752348412478632,0.7741830814010598,0.0007233639039965892,3,0.6091445427728613,0.6134998798943069,0.6138708903287737,0.6091245376078915,0.6114099626509584,0.0022792111558079327,3
0.00946509838104248,0.0005543013409438642,0.4858699440956116,0.0022259359395492306,5.336699231206302e-09,{'var_smoothing': 5.336699231206302e-09},0.7932032724984267,0.7884203901825048,0.7895266868076536,0.7922960725075529,0.7908616054990344,0.0019546508683667523,3,0.7743943526484115,0.7732827134198161,0.7738204182881486,0.7752348412478632,0.7741830814010598,0.0007233639039965892,3,0.6091445427728613,0.6134998798943069,0.6138708903287737,0.6091245376078915,0.6114099626509584,0.0022792111558079327,3
0.00868678092956543,0.0008175683001764857,0.48118871450424194,0.00381183413024826,4.328761281083061e-09,{'var_smoothing': 4.328761281083061e-09},0.7932032724984267,0.7884203901825048,0.7895266868076536,0.7922960725075529,0.7908616054990344,0.0019546508683667523,3,0.7743943526484115,0.7732827134198161,0.7738204182881486,0.7752348412478632,0.7741830814010598,0.0007233639039965892,3,0.6091445427728613,0.6134998798943069,0.6138708903287737,0.6091245376078915,0.6114099626509584,0.0022792111558079327,3
0.007963836193084717,0.0003540782555177996,0.4801788926124573,0.004311757455227106,3.5111917342151273e-09,{'var_smoothing': 3.5111917342151273e-09},0.7932032724984267,0.7884203901825048,0.7895266868076536,0.7922960725075529,0.7908616054990344,0.0019546508683667523,3,0.7743943526484115,0.7732827134198161,0.7738204182881486,0.7752348412478632,0.7741830814010598,0.0007233639039965892,3,0.6091445427728613,0.6134998798943069,0.6138708903287737,0.6091245376078915,0.6114099626509584,0.0022792111558079327,3
0.008192062377929688,0.000555475432067115,0.4785017967224121,0.002744819222145955,2.848035868435805e-09,{'var_smoothing': 2.848035868435805e-09},0.7932032724984267,0.7884203901825048,0.7895266868076536,0.7922960725075529,0.7908616054990344,0.0019546508683667523,3,0.7743943526484115,0.7732827134198161,0.7738204182881486,0.7752348412478632,0.7741830814010598,0.0007233639039965892,3,0.6091445427728613,0.6134998798943069,0.6138708903287737,0.6091245376078915,0.6114099626509584,0.0022792111558079327,3
0.007652401924133301,0.0001546810700730451,0.4748358726501465,0.00199238574420813,2.310129700083158e-09,{'var_smoothing': 2.310129700083158e-09},0.7932032724984267,0.7884203901825048,0.7895266868076536,0.7922960725075529,0.7908616054990344,0.0019546508683667523,3,0.7743943526484115,0.7732827134198161,0.7738204182881486,0.7752348412478632,0.7741830814010598,0.0007233639039965892,3,0.6091445427728613,0.6134998798943069,0.6138708903287737,0.6091245376078915,0.6114099626509584,0.0022792111558079327,3
0.007659018039703369,0.00019961113210587838,0.4753108620643616,0.0009424263380949236,1.873817422860387e-09,{'var_smoothing': 1.873817422860387e-09},0.7932032724984267,0.7884203901825048,0.7895266868076536,0.7922960725075529,0.7908616054990344,0.0019546508683667523,3,0.7743943526484115,0.7732827134198161,0.7738204182881486,0.7752348412478632,0.7741830814010598,0.0007233639039965892,3,0.6091445427728613,0.6134998798943069,0.6138708903287737,0.6091245376078915,0.6114099626509584,0.0022792111558079327,3
0.007840871810913086,0.0002702150390606932,0.47623252868652344,0.0024294327057764785,1.519911082952933e-09,{'var_smoothing': 1.519911082952933e-09},0.7932032724984267,0.7884203901825048,0.7895266868076536,0.7922960725075529,0.7908616054990344,0.0019546508683667523,3,0.7743943526484115,0.7732827134198161,0.7738204182881486,0.7752348412478632,0.7741830814010598,0.0007233639039965892,3,0.6091445427728613,0.6134998798943069,0.6138708903287737,0.6091245376078915,0.6114099626509584,0.0022792111558079327,3
0.00775599479675293,0.0003771535130491561,0.4749455451965332,0.0015273783625340397,1.2328467394420635e-09,{'var_smoothing': 1.2328467394420635e-09},0.7932032724984267,0.7884203901825048,0.7895266868076536,0.7922960725075529,0.7908616054990344,0.0019546508683667523,3,0.7743943526484115,0.7732827134198161,0.7738204182881486,0.7752348412478632,0.7741830814010598,0.0007233639039965892,3,0.6091445427728613,0.6134998798943069,0.6138708903287737,0.6091245376078915,0.6114099626509584,0.0022792111558079327,3
0.007929325103759766,0.0008797728433451364,0.47557467222213745,0.0009832810492806402,1e-09,{'var_smoothing': 1e-09},0.7932032724984267,0.7884203901825048,0.7895266868076536,0.7922960725075529,0.7908616054990344,0.0019546508683667523,3,0.7743943526484115,0.7732827134198161,0.7738204182881486,0.7752348412478632,0.7741830814010598,0.0007233639039965892,3,0.6091445427728613,0.6134998798943069,0.6138708903287737,0.6091245376078915,0.6114099626509584,0.0022792111558079327,3
