mean_fit_time,std_fit_time,mean_score_time,std_score_time,param_bootstrap,param_max_depth,param_n_estimators,params,split0_test_accuracy,split1_test_accuracy,split2_test_accuracy,split3_test_accuracy,split4_test_accuracy,mean_test_accuracy,std_test_accuracy,rank_test_accuracy,split0_test_f1_macro,split1_test_f1_macro,split2_test_f1_macro,split3_test_f1_macro,split4_test_f1_macro,mean_test_f1_macro,std_test_f1_macro,rank_test_f1_macro,split0_test_f1_deceased,split1_test_f1_deceased,split2_test_f1_deceased,split3_test_f1_deceased,split4_test_f1_deceased,mean_test_f1_deceased,std_test_f1_deceased,rank_test_f1_deceased
1.3096099853515626,0.05399223966554623,0.09056477546691895,0.0019441329423986527,True,,100,"{'bootstrap': True, 'max_depth': None, 'n_estimators': 100}",0.9196035242290749,0.9257394587791064,0.9263687853996224,0.9265145554681353,0.9295043273013375,0.9255461302354553,0.0032444991920368657,13,0.92024345572893,0.9263095343383633,0.926890386562118,0.9269233432261498,0.9299935899121695,0.9260720619535461,0.00318753071061378,13,0.8898400540662312,0.8981439565414215,0.8966932725199545,0.8969001148105625,0.9009337280801639,0.8965022252036668,0.003658219211873014,13
2.6307411193847656,0.12643215661819318,0.17903308868408202,0.016339198336313483,True,,200,"{'bootstrap': True, 'max_depth': None, 'n_estimators': 200}",0.9196035242290749,0.9262114537444934,0.9262114537444934,0.9261998426435877,0.9296616837136114,0.9255775916150523,0.0032729206572266385,12,0.92024345572893,0.926736695460959,0.9267236814118549,0.926615472349377,0.9300651258945555,0.9260768861691352,0.0031962081993907377,12,0.8898400540662312,0.898478310243016,0.896598950011413,0.8967889908256882,0.9006864988558352,0.8964785608004366,0.0036300515845909312,14
3.7093458652496336,0.012789999418347478,0.24773974418640138,0.003133858248170168,True,,300,"{'bootstrap': True, 'max_depth': None, 'n_estimators': 300}",0.9196035242290749,0.9254247954688484,0.9260541220893643,0.9258851298190401,0.9295043273013375,0.9252943797815331,0.0031953934740833662,16,0.9202699405940322,0.9260164821052778,0.9266103901212382,0.9263046154307305,0.9299210012000919,0.925824485890274,0.0031151065315336,16,0.8894393154694888,0.8980604420387912,0.8966772872098315,0.8963302752293577,0.9005259547221587,0.8962066549339255,0.0036912474160989703,17
0.9642939567565918,0.01112001290628403,0.058281469345092776,0.0005338185149780912,True,10,100,"{'bootstrap': True, 'max_depth': 10, 'n_estimators': 100}",0.8330711139081183,0.8371617369414727,0.8477029578351164,0.8451612903225807,0.8338316286388671,0.839385745529231,0.005969957107748192,24,0.8307781512110671,0.8358273984437767,0.8458117575694689,0.8434205479013258,0.8315082379753628,0.8374692186202003,0.006132137036072318,24,0.7624256837098693,0.7660377358490565,0.7781212841854934,0.7760910815939279,0.7568994480441564,0.7679150466765007,0.008074845459971695,24
1.9413798332214356,0.02317701025409936,0.11059803962707519,0.0009761779324108608,True,10,200,"{'bootstrap': True, 'max_depth': 10, 'n_estimators': 200}",0.8348017621145375,0.8396790434235368,0.8475456261799874,0.8465774980330448,0.8325727773406766,0.8402353414183565,0.0060367433865594995,20,0.8324951653855964,0.8386730885883272,0.8456076755624874,0.8451286231747169,0.8302719418096999,0.8384352989041656,0.006296438770029887,20,0.7649156168290944,0.7709941520467837,0.7773530817009078,0.7787234042553192,0.755385351842987,0.7694743213350185,0.008593149984515058,22
2.9788901805877686,0.14046462526708398,0.16829447746276854,0.004876200581634368,True,10,300,"{'bootstrap': True, 'max_depth': 10, 'n_estimators': 300}",0.8333857772183764,0.8399937067337948,0.8475456261799874,0.8478363493312352,0.8339889850511408,0.8405500889029069,0.0062723542567254915,19,0.8311691925100547,0.8390499809165437,0.845564695837098,0.8464347940953707,0.8317280231562029,0.8387893373030539,0.006516980774378145,19,0.763800047382137,0.7716756251460621,0.7772738123657198,0.780637544273908,0.7581261950286807,0.7703026448393016,0.008340768568999611,19
1.3447325706481934,0.024353192054896174,0.09381394386291504,0.00307874727865073,True,20,100,"{'bootstrap': True, 'max_depth': 20, 'n_estimators': 100}",0.9189741976085588,0.9236941472624292,0.9273127753303965,0.9261998426435877,0.9301337529504328,0.925262943159081,0.0037633448357205154,18,0.9196424662145382,0.9242872935186396,0.9278501611820463,0.9265776976944805,0.9305162982761596,0.9257747833771728,0.003667472367546764,18,0.8894382022471911,0.8956168097605061,0.8985902683037745,0.896551724137931,0.9014665444546288,0.8963327097808064,0.003988672541122894,15
2.637665939331055,0.05460088454659595,0.17437424659729003,0.0019798620159958693,True,20,200,"{'bootstrap': True, 'max_depth': 20, 'n_estimators': 200}",0.9192888609188169,0.9238514789175583,0.9282567652611705,0.9266719118804091,0.9291896144767899,0.925451726290949,0.003574090257341178,14,0.919972154213697,0.9244240540299321,0.9288127707504529,0.9271035395799321,0.9295723563710152,0.9259769749890058,0.0034844537221487087,14,0.8898856245795022,0.895724949106537,0.9002952532364297,0.8975475590190236,0.8999541073887104,0.8966814986660406,0.003784656976307964,11
3.6959044456481935,0.08276833596175899,0.24580588340759277,0.005355506332703174,True,20,300,"{'bootstrap': True, 'max_depth': 20, 'n_estimators': 300}",0.9202328508495909,0.9244808055380742,0.9279421019509125,0.9271439811172305,0.9295043273013375,0.9258608133514292,0.0032505956112603533,10,0.9209059222635809,0.9250483111440045,0.9285458273354483,0.9275619977932861,0.9298923978921955,0.9263908912857032,0.003167434133693317,10,0.89123121776183,0.8964737793851717,0.8999094202898551,0.8981651376146788,0.900252235725751,0.8972063581554572,0.0032784797545596625,10
1.2427858352661132,0.010572496130675207,0.08742432594299317,0.002174768963708413,True,30,100,"{'bootstrap': True, 'max_depth': 30, 'n_estimators': 100}",0.9196035242290749,0.9257394587791064,0.9263687853996224,0.9266719118804091,0.9295043273013375,0.92557760151791,0.003254487969200874,11,0.92024345572893,0.9263095343383633,0.926890386562118,0.927075464945715,0.9299935899121695,0.9261024862974592,0.003196224951771232,11,0.8898400540662312,0.8981439565414215,0.8966932725199545,0.8971061093247588,0.9009337280801639,0.8965434241065061,0.003663624220769365,12
2.464508867263794,0.07131647874439533,0.16389026641845703,0.005584018150502944,True,30,200,"{'bootstrap': True, 'max_depth': 30, 'n_estimators': 200}",0.9194461925739459,0.9260541220893643,0.9260541220893643,0.9260424862313139,0.9296616837136114,0.92545172133952,0.003312549937121109,15,0.9200928207056771,0.926584864255258,0.926572332585792,0.9264634711590974,0.9300651258945555,0.9259557229200761,0.0032340268940125576,15,0.8896396396396397,0.8982742960944596,0.8963943404837973,0.8965833524421005,0.9006864988558352,0.8963156255031663,0.0036766176130319213,16
3.8050708293914797,0.019594255197519974,0.24643125534057617,0.0042176210593191455,True,30,300,"{'bootstrap': True, 'max_depth': 30, 'n_estimators': 300}",0.9196035242290749,0.9254247954688484,0.9260541220893643,0.9258851298190401,0.9295043273013375,0.9252943797815331,0.0031953934740833662,16,0.9202699405940322,0.9260164821052778,0.9266103901212382,0.9263046154307305,0.9299210012000919,0.925824485890274,0.0031151065315336,16,0.8894393154694888,0.8980604420387912,0.8966772872098315,0.8963302752293577,0.9005259547221587,0.8962066549339255,0.0036912474160989703,17
1.4755000591278076,0.007620471265121713,0.08616275787353515,0.0005591376210422671,False,,100,"{'bootstrap': False, 'max_depth': None, 'n_estimators': 100}",0.9197608558842039,0.9266834487098804,0.9273127753303965,0.9277734067663257,0.9302911093627065,0.9263643192107025,0.003521714048298951,7,0.9204157752387658,0.9272527328782746,0.9279197943962667,0.928260620545753,0.9307445309988314,0.9269186908115783,0.003459466201210479,7,0.8904355635383925,0.9004504504504505,0.8984126984126984,0.8996808025535796,0.9021664766248575,0.8982291983159957,0.004082099746968007,3
2.8260416984558105,0.05940864300153164,0.1603527545928955,0.002643516699273511,False,,200,"{'bootstrap': False, 'max_depth': None, 'n_estimators': 200}",0.9196035242290749,0.9260541220893643,0.9274701069855255,0.9280881195908733,0.9301337529504328,0.9262699251690542,0.0035822592015105816,9,0.9202609245150377,0.9266408353203949,0.9280711551466218,0.9285646557868455,0.9305993675185872,0.9268273876574975,0.0035198332394725277,9,0.8902356902356903,0.8996399639963996,0.8986164663188932,0.9000912408759124,0.9017551857761568,0.8980677094406104,0.004044893188225621,7
4.168489122390747,0.013420544951939398,0.23673691749572753,0.0009932033556305652,False,,300,"{'bootstrap': False, 'max_depth': None, 'n_estimators': 300}",0.919918187539333,0.9263687853996224,0.9274701069855255,0.9280881195908733,0.9301337529504328,0.9263957904931572,0.0034626742941033894,6,0.9205698574034832,0.9269502190407107,0.9280711551466218,0.9285646557868455,0.9305993675185872,0.9269510509792497,0.003402593115128217,6,0.8904355635383925,0.9000450247636199,0.8986164663188932,0.9000912408759124,0.9017551857761568,0.898188696254595,0.004001987836560523,4
1.0564804553985596,0.008056672214270926,0.0563349723815918,0.0004535442088443247,False,10,100,"{'bootstrap': False, 'max_depth': 10, 'n_estimators': 100}",0.8314977973568282,0.84235368156073,0.841881686595343,0.8492525570416994,0.8358772619984265,0.8401725969106053,0.006063428783942954,21,0.8291265145257002,0.8409873851567755,0.8397623351367911,0.8480077164576357,0.833768896806652,0.8383305696167109,0.006454134817985004,22,0.7598481252966303,0.7743300423131172,0.7703984819734345,0.7835294117647059,0.7608850820842256,0.7697982286864227,0.00880785748414234,21
2.1116646766662597,0.013678833837145066,0.10647425651550294,0.0005706874005591936,False,10,200,"{'bootstrap': False, 'max_depth': 10, 'n_estimators': 200}",0.8307111390811831,0.841881686595343,0.8425110132158591,0.8478363493312352,0.837765538945712,0.8401411454338664,0.005699656934574389,22,0.8282514024591355,0.8405460409483902,0.8403976935769554,0.846494924081946,0.8360198780368567,0.8383419878206567,0.006045928428507288,21,0.7590132827324477,0.7742388758782202,0.771021377672209,0.7812352663837813,0.7653037107066888,0.7701625026746695,0.007587800018740563,20
3.1789737701416017,0.01475380697792697,0.15664167404174806,0.0004093375083099251,False,10,300,"{'bootstrap': False, 'max_depth': 10, 'n_estimators': 300}",0.829924480805538,0.841724354940214,0.841095028319698,0.8475216365066877,0.837765538945712,0.83960620790357,0.005770286732642748,23,0.8274072898650511,0.8403724555834177,0.838934770172732,0.8461833733135725,0.8356761256398743,0.8377148029149295,0.0061752595527385865,23,0.7576045627376427,0.7742388758782202,0.7687188019966722,0.7806603773584906,0.7637401855817274,0.7689925607105506,0.008012623219978905,23
1.3788001537322998,0.014832436196712918,0.08108596801757813,0.0007129845386132215,False,20,100,"{'bootstrap': False, 'max_depth': 20, 'n_estimators': 100}",0.920862177470107,0.9254247954688484,0.9280994336060415,0.9284028324154209,0.9296616837136114,0.9264901845348057,0.003134193003368484,5,0.9215046311890308,0.9259443789581541,0.9286984851124055,0.9287581529484935,0.9299993031190589,0.9269809902654286,0.003042478593840037,5,0.8919829328542556,0.8980054397098822,0.8997056825899932,0.8996778647031752,0.9003215434083601,0.8979386926531333,0.0030757269231779668,9
2.734103059768677,0.010976746157404705,0.15547747611999513,0.0008940007043305388,False,20,200,"{'bootstrap': False, 'max_depth': 20, 'n_estimators': 200}",0.9205475141598489,0.9255821271239774,0.9292007551919447,0.9279307631785996,0.9295043273013375,0.9265530973911418,0.0033053782247307517,3,0.9211963841371679,0.9260782354486133,0.9297581448948647,0.9283229922418897,0.9298553018050787,0.9270422117055229,0.0032259298802778903,3,0.891679748822606,0.897931348033644,0.9008395734059451,0.8990825688073395,0.900252235725751,0.8979570949590571,0.003293896839303473,8
4.101508045196534,0.011157569582487599,0.2284170150756836,0.002358581432085568,False,20,300,"{'bootstrap': False, 'max_depth': 20, 'n_estimators': 300}",0.9214915040906231,0.9257394587791064,0.9290434235368156,0.9282454760031471,0.9291896144767899,0.9267418953772963,0.002902433570439975,1,0.9221196827000749,0.926229908150192,0.9296036281290364,0.9286203536616956,0.9295530561793949,0.9272253257640788,0.0028312259247091688,1,0.8927848954821307,0.8981355161437017,0.9006352087114338,0.8993566176470589,0.899839559935824,0.8981503595840298,0.0028025473014945987,6
1.3848492622375488,0.007819085089805824,0.08279228210449219,0.0004502594549486965,False,30,100,"{'bootstrap': False, 'max_depth': 30, 'n_estimators': 100}",0.919918187539333,0.9266834487098804,0.9273127753303965,0.9279307631785996,0.9306058221872542,0.9264901993890927,0.0035473621546429114,4,0.920566139278496,0.9272493307801275,0.9279197943962667,0.9284126426024519,0.9310474149402124,0.9270390643995109,0.0034834536895732063,4,0.8906355266112733,0.900405588102749,0.8984126984126984,0.8998859749144811,0.9025781428245495,0.8983835861731502,0.004098127468297207,1
2.7598738193511965,0.009242079242686935,0.15899252891540527,0.0006893333834973072,False,30,200,"{'bootstrap': False, 'max_depth': 30, 'n_estimators': 200}",0.9196035242290749,0.9265261170547514,0.9274701069855255,0.9280881195908733,0.9299763965381589,0.9263328528796768,0.0035488289237197265,8,0.9202609245150377,0.9270980516131636,0.9280711551466218,0.9285646557868455,0.9304416136463377,0.9268872801416013,0.0034871607146381408,8,0.8902356902356903,0.9002027483667493,0.8986164663188932,0.9000912408759124,0.9017551857761568,0.8981802663146805,0.004094602937995249,5
4.323894309997558,0.12072419340594272,0.24362010955810548,0.005145402987891707,False,30,300,"{'bootstrap': False, 'max_depth': 30, 'n_estimators': 300}",0.920075519194462,0.9268407803650094,0.9274701069855255,0.9280881195908733,0.9304484657749803,0.92658459838217,0.0034758571265529753,2,0.9207201412327177,0.927389713843065,0.9280711551466218,0.9285646557868455,0.9308985884153117,0.9271288508849123,0.003414674302923229,2,0.8906355266112733,0.9003840072283714,0.8986164663188932,0.9000912408759124,0.9021218343600274,0.8983698150788955,0.004024375241207429,2
